342 458 34
342 470 35
453 484 36
453 484 35
342 477 37
208 475 40
283 477 40
265 453 40
283 420 42
508 401 44
347 392 45
125 363 47
34 344 47
381 317 47
24 300 0
285 269 0
113 265 0
113 257 0
280 265 0
285 255 0
264 274 0
204 258 0
318 210 0
462 164 0
267 156 133
459 161 133
35 165 133
255 159 133
132 402 0
368 390 0
368 375 0
180 372 0
351 438 30
336 459 31
414 457 31
414 441 31
31 438 33
338 426 36
86 408 40
259 395 45
205 382 48
296 312 48
259 347 48
205 345 46
483 275 45
327 227 0
356 180 0
427 167 0
53 162 0
305 152 0
457 161 133
273 158 133
102 154 133
512 160 133
53 153 133
328 151 133
354 158 133
390 153 133
156 156 133
102 156 133
89 153 133
128 158 133
165 149 133
382 161 133
328 154 133
53 158 133
51 286 47
374 364 0
471 392 0
319 402 0
374 403 0
494 405 0
431 399 0
400 388 0
245 385 0
216 387 0
460 380 0
398 392 0
381 379 91
86 358 0
178 388 0
178 438 68
178 442 68
367 433 68
374 417 144
374 401 144
367 394 144
135 389 144
362 388 144
245 406 144
216 440 0
431 447 0
108 436 0
319 419 0
294 418 137
367 420 137
245 417 137
471 403 137
460 419 137
460 410 137
239 386 137
371 375 137
301 351 137
135 335 137
289 432 129
178 435 129
178 427 129
367 427 129
367 421 136
374 394 136
367 383 129
403 400 135
494 394 135
424 388 135
56 371 135
201 359 135
279 371 134
78 369 134
170 407 132
170 417 132
12 438 132
239 433 137
170 411 137
170 409 137
374 397 137
154 386 137
83 409 137
481 417 0
83 413 0
508 401 114
154 407 114
239 413 115
296 404 123
446 391 123
296 416 123
296 419 122
83 393 122
367 395 122
296 388 123
296 383 123
239 400 123
239 399 115
239 408 115
239 408 115
478 411 115
296 396 115
380 369 115
380 350 0
374 354 0
374 355 0
154 367 0
135 393 0
453 381 76
239 375 0
501 360 68
367 441 76
152 444 137
152 431 137
152 432 137
492 423 137
152 417 137
492 407 138
427 400 138
427 391 138
245 419 138
83 430 135
213 455 134
412 435 77
108 417 0
131 404 54
492 430 54
492 434 54
367 433 54
367 430 72
367 428 90
471 406 90
152 403 90
83 388 36
321 436 36
359 450 36
239 440 76
239 434 76
83 431 76
83 429 76
239 431 76
154 426 61
321 434 0
239 428 0
154 410 0
472 413 0
154 397 0
154 389 0
154 384 0
154 382 0
367 372 0
83 374 0
135 392 0
83 401 0
83 384 0
83 366 0
108 365 0
239 433 0
276 435 68
276 417 137
431 413 137
422 414 137
245 417 137
131 427 137
446 413 69
494 389 69
367 392 69
154 391 71
323 386 71
323 383 138
471 360 71
174 357 71
178 415 138
323 422 137
431 413 137
453 398 137
43 404 137
216 410 137
154 397 137
453 374 137
362 384 137
250 380 137
304 382 137
72 372 137
43 380 137
427 412 137
197 401 134
72 406 133
72 415 133
111 401 133
460 389 133
478 375 133
259 389 133
72 391 133
86 374 133
399 425 0
326 425 0
471 421 0
154 420 0
239 429 0
239 423 0
471 401 0
216 434 0
12 442 0
427 443 0
131 431 0
301 413 0
108 410 0
301 405 0
426 406 120
12 406 120
427 406 120
339 414 121
371 393 121
412 386 120
412 387 0
301 389 0
412 382 0
304 390 0
304 379 0
339 380 0
426 377 0
101 377 0
426 366 0
301 390 0
396 407 0
396 408 0
371 382 0
339 373 0
385 365 0
371 346 0
241 394 0
242 415 0
431 448 0
431 462 0
486 467 0
165 457 0
486 462 0
220 459 0
220 441 0
245 441 0
244 431 0
245 430 0
111 411 0
371 407 0
35 407 0
66 403 0
367 431 0
367 437 0
245 450 0
367 441 0
400 437 0
367 433 0
245 423 0
367 416 0
165 417 0
111 405 0
245 434 0
374 469 0
399 468 0
367 461 0
399 464 0
399 463 0
399 459 0
399 454 0
339 454 0
402 457 0
299 452 0
399 444 0
426 444 91
426 448 91
426 438 92
304 441 91
244 443 92
426 433 91
131 437 91
165 435 90
304 435 90
124 431 0
124 431 90
165 421 0
244 414 91
339 415 0
331 405 91
426 408 0
339 400 91
426 402 0
244 399 0
89 395 0
165 393 0
35 383 0
331 386 0
165 388 0
128 376 0
273 381 0
339 381 0
89 379 0
457 378 0
124 369 0
462 366 0
299 366 0
457 357 0
35 356 0
331 360 0
378 425 43
129 444 43
195 435 43
298 360 43
134 330 0
223 321 0
223 314 0
285 321 0
132 330 0
385 427 43
298 456 48
298 448 52
298 428 55
298 378 58
465 326 58
264 321 58
264 307 57
298 380 57
378 456 57
378 466 61
410 468 62
410 443 63
364 427 63
122 345 63
240 269 0
435 361 0
114 366 0
104 382 0
44 379 0
471 418 52
178 439 52
380 447 52
15 447 52
405 425 51
398 405 50
261 376 47
261 372 44
296 451 44
341 461 44
117 366 43
217 330 0
2 328 0
172 325 0
172 313 0
74 364 0
395 401 0
369 388 61
369 397 63
295 390 65
85 402 66
100 397 67
486 375 67
244 365 68
165 305 67
483 243 67
206 358 0
22 371 0
116 352 0
266 370 0
233 427 57
289 455 60
386 449 61
386 465 63
386 465 65
386 468 67
408 432 67
197 360 68
259 344 67
483 330 67
197 366 68
408 438 69
197 446 69
429 418 69
14 376 69
428 328 0
428 295 0
190 277 0
353 297 0
353 297 0
378 432 0
378 473 57
378 469 61
361 466 61
361 461 62
497 455 62
337 426 61
288 411 0
498 422 0
57 416 0
57 402 0
133 408 0
88 404 0
57 381 0
332 432 0
414 442 64
157 432 65
223 436 67
270 371 67
472 348 68
425 361 69
488 351 70
488 367 71
310 392 71
483 372 71
20 304 71
441 223 0
390 138 0
421 151 0
130 215 0
116 230 0
116 239 0
17 232 0
116 231 0
17 222 0
172 218 0
489 219 0
287 214 0
489 212 0
511 203 0
13 204 0
234 211 0
441 183 0
489 182 0
372 158 0
305 132 0
389 106 0
389 120 0
452 107 0
287 281 0
106 383 60
364 433 60
465 453 61
217 446 62
465 403 63
462 336 63
223 306 63
410 214 0
485 336 0
177 373 0
487 401 0
365 395 0
407 370 0
54 346 0
380 327 0
142 346 55
494 368 57
46 392 58
329 408 59
70 421 60
70 420 61
70 423 62
493 440 63
115 431 63
23 425 63
493 410 63
360 385 63
488 355 64
488 349 64
18 350 64
18 365 64
331 364 64
180 391 0
228 318 0
321 217 0
356 187 63
281 141 127
382 131 128
390 126 128
462 129 128
128 121 128
462 112 128
224 116 128
214 107 128
267 109 128
121 112 128
127 111 129
163 102 129
103 109 128
448 288 63
228 382 63
68 423 63
364 429 66
364 436 68
68 422 69
418 416 71
68 410 71
220 350 71
20 245 71
62 170 0
120 196 0
206 307 0
206 420 0
22 395 0
96 391 0
307 385 0
307 376 0
96 348 0
233 379 48
226 437 58
85 442 58
415 473 58
362 469 58
289 454 58
289 459 58
289 453 58
408 460 58
408 467 58
197 465 58
272 480 58
272 479 58
490 451 59
490 448 60
309 441 59
309 442 59
375 403 59
153 368 57
59 358 57
86 331 49
289 268 46
22 212 0
492 178 0
60 147 0
126 128 0
241 126 0
477 120 0
491 308 0
203 385 62
236 390 63
236 386 64
205 340 65
3 346 65
245 313 66
349 305 66
23 339 66
179 366 0
57 376 0
133 376 0
219 381 0
133 388 0
57 394 0
133 386 0
133 380 0
467 381 0
429 425 0
429 440 57
238 423 58
263 423 58
197 435 58
408 443 59
263 430 59
197 440 59
165 445 60
414 442 62
195 412 64
18 387 67
356 382 69
77 341 71
149 293 71
457 293 71
113 276 0
280 279 0
90 291 0
168 299 0
141 303 0
141 285 0
33 177 0
452 139 0
103 130 0
127 121 0
275 224 0
121 356 0
474 432 0
329 455 52
236 461 52
25 446 52
493 442 48
493 440 45
493 451 45
236 437 45
35 364 52
205 336 52
164 350 52
177 388 0
212 411 0
357 420 0
159 404 65
183 421 69
101 421 74
159 413 76
157 393 76
271 315 76
472 320 65
250 343 56
483 329 48
483 258 45
35 198 0
204 354 0
104 351 0
175 325 0
275 311 0
141 301 0
130 283 0
260 240 0
373 199 0
373 191 0
477 175 0
2 169 0
477 145 0
40 143 0
459 145 0
35 142 0
290 137 0
48 144 0
48 157 0
305 140 0
103 121 0
459 118 0
275 234 0
247 203 0
280 161 0
205 345 66
481 399 68
415 367 73
205 292 73
327 204 73
12 151 73
120 300 0
255 403 0
11 408 0
272 385 0
490 420 55
408 461 58
98 464 61
282 455 61
86 455 61
160 435 61
164 385 0
428 339 0
428 328 0
97 329 0
38 322 0
38 320 0
298 411 0
298 459 66
195 446 67
298 394 70
310 388 71
277 411 71
483 400 72
310 369 74
483 347 74
409 306 74
450 202 0
214 151 0
489 166 0
441 205 0
130 223 0
130 240 0
435 244 0
130 226 0
373 241 0
130 236 0
373 244 0
162 246 0
162 241 0
162 241 0
373 234 0
373 198 0
468 159 0
459 124 0
373 137 0
333 223 0
75 265 0
43 270 0
250 373 0
205 408 68
304 407 69
304 376 69
457 364 69
179 402 0
104 372 0
177 336 0
247 329 0
8 302 0
175 297 0
175 325 0
275 319 0
44 349 0
195 419 42
195 477 55
300 489 59
300 482 59
15 480 60
95 485 60
455 475 60
416 454 61
29 446 61
302 421 61
302 385 61
416 394 61
416 383 61
42 312 0
136 304 0
353 292 0
204 316 0
373 287 0
452 179 0
227 266 0
138 405 0
13 362 0
481 401 62
481 452 64
289 456 66
289 447 68
408 456 70
408 454 72
408 439 72
408 422 73
408 419 74
505 416 76
272 397 78
183 371 80
479 356 81
310 355 81
205 337 81
188 367 76
447 375 0
88 387 0
88 395 0
219 415 0
133 408 0
487 403 0
365 377 0
21 407 0
408 405 69
408 399 73
464 407 76
505 402 79
505 397 79
505 398 79
432 408 77
101 433 75
31 428 69
39 381 61
446 357 50
478 278 48
214 215 46
147 226 0
90 240 0
204 267 0
280 274 0
168 272 0
168 268 0
204 268 0
204 262 0
373 271 0
102 230 0
452 158 0
285 146 0
13 140 0
33 164 0
13 186 0
17 191 0
33 197 0
441 206 0
172 220 0
116 235 0
116 223 0
17 222 0
116 223 0
13 221 0
489 215 0
33 210 0
13 206 0
17 204 0
511 202 0
22 202 0
33 206 0
17 213 0
116 221 0
33 223 0
206 207 0
511 200 0
441 197 0
439 171 0
311 155 0
502 145 0
166 123 0
389 129 0
13 128 0
223 130 0
351 413 0
351 442 60
401 426 61
425 356 64
310 369 64
205 373 65
244 366 67
205 333 71
483 320 71
318 315 71
97 337 0
57 389 0
133 400 0
164 434 0
418 453 51
418 470 51
414 485 51
414 501 50
99 511 48
99 502 48
106 510 48
106 507 48
46 461 48
403 390 48
146 306 48
106 282 0
169 253 0
467 318 0
467 378 0
318 343 0
308 326 0
166 321 72
500 328 72
166 277 0
500 306 0
203 323 0
500 269 0
18 290 0
166 291 0
248 236 0
334 198 0
67 170 0
92 146 0
382 134 0
389 126 0
127 118 0
463 111 133
452 112 133
103 111 133
389 122 133
103 125 0
372 146 0
158 143 0
184 157 0
184 164 0
21 158 0
340 160 0
75 163 0
184 166 0
184 177 0
184 166 0
138 153 0
184 145 0
340 159 0
146 164 0
138 173 0
146 170 0
138 162 0
184 150 0
184 156 0
184 147 0
287 142 0
146 124 0
184 119 0
421 126 0
340 122 0
138 118 0
372 121 0
372 123 0
287 119 0
372 124 0
502 110 0
452 97 133
463 100 133
103 105 133
127 101 132
35 115 0
116 186 0
61 302 0
166 314 0
203 371 64
248 353 64
248 331 64
183 310 45
454 267 0
454 312 0
454 396 0
68 440 52
252 458 52
252 455 52
236 459 51
236 455 51
252 426 51
252 346 51
491 280 48
58 328 0
212 398 0
212 406 0
364 437 0
364 452 53
364 423 59
371 371 59
479 355 62
228 310 62
228 246 0
68 244 0
493 298 57
500 374 57
68 435 58
433 456 58
433 478 57
433 483 57
414 489 57
31 470 57
117 417 56
131 366 56
359 332 55
18 245 0
132 279 0
204 344 0
466 364 0
365 358 0
99 421 0
361 444 58
429 453 61
361 445 63
14 419 63
136 390 63
428 357 0
79 308 0
366 249 0
113 226 0
435 281 0
300 386 59
279 428 59
129 407 59
452 334 0
172 346 0
373 337 0
482 331 0
141 300 0
275 305 0
275 289 0
483 378 0
270 438 0
437 442 56
411 430 58
415 449 59
415 445 60
415 433 61
478 428 62
494 412 62
374 405 62
83 410 63
246 426 63
277 407 63
356 405 64
48 414 65
338 384 65
414 362 65
511 370 0
489 367 0
489 380 0
169 381 0
301 387 63
347 428 66
87 430 67
15 421 68
405 384 68
218 369 68
218 376 62
107 403 54
137 428 51
73 453 48
473 451 48
15 459 48
437 458 49
73 449 53
473 439 58
473 434 61
135 454 64
259 448 65
213 400 65
213 405 65
388 434 60
259 429 53
139 374 46
110 361 39
501 344 36
29 273 36
388 270 0
496 267 0
234 273 0
392 276 0
210 263 0
210 251 0
126 235 0
125 217 0
461 203 0
387 201 0
392 196 0
216 181 0
11 176 0
60 165 0
216 174 0
427 155 0
272 150 0
507 137 0
272 139 0
272 135 0
131 136 0
382 126 0
54 115 0
229 111 0
373 129 0
274 149 0
389 114 0
389 107 133
502 100 133
182 138 133
415 338 0
266 366 0
266 329 0
92 367 0
266 350 0
131 352 0
375 405 54
94 460 55
98 483 59
289 483 59
386 494 59
386 500 59
386 490 58
66 489 58
46 443 54
332 406 54
175 413 0
466 396 0
133 401 0
133 387 0
57 382 0
364 406 0
414 445 55
378 448 55
298 443 55
414 312 57
378 239 41
18 211 0
188 228 0
157 169 0
223 145 0
61 271 0
324 342 0
506 397 67
166 377 70
310 326 75
310 318 76
478 293 76
427 313 76
1 306 78
91 289 78
58 318 75
447 336 0
88 367 0
133 379 0
133 380 0
88 377 0
133 382 0
487 379 0
487 359 0
21 402 0
505 432 35
276 434 36
263 417 36
333 447 36
415 462 36
98 458 39
408 446 54
408 436 60
119 449 63
378 443 63
195 419 63
39 354 56
359 389 45
205 384 40
250 297 40
465 235 39
285 250 0
44 276 0
353 279 0
204 273 0
90 268 0
168 276 0
485 263 0
190 249 0
280 245 0
204 239 0
204 235 0
373 242 0
162 213 0
210 164 0
502 121 133
13 110 133
286 122 133
389 118 134
182 123 134
163 134 134
502 131 134
502 134 132
311 136 0
206 159 0
287 172 0
441 182 0
116 183 0
116 171 0
287 174 0
116 171 0
511 159 0
116 152 0
116 152 0
33 138 0
33 141 0
17 149 0
33 141 0
436 129 0
441 127 0
502 120 0
33 115 0
421 108 0
102 108 0
441 104 0
392 108 0
33 116 0
396 114 0
286 102 0
102 89 0
502 92 0
210 90 0
502 105 0
372 104 0
502 111 0
210 113 0
103 109 0
389 108 0
113 120 0
280 177 0
286 113 0
280 252 0
466 308 0
466 354 0
179 347 0
145 431 0
228 445 44
67 470 44
146 479 44
146 471 44
492 470 44
492 461 44
471 378 43
165 291 42
120 341 0
467 326 0
318 381 0
474 409 40
500 425 43
500 419 45
308 412 47
316 402 47
465 370 47
366 291 0
366 281 0
90 278 0
168 285 0
298 312 0
19 416 42
173 451 44
19 449 46
19 438 46
19 419 47
312 373 47
409 301 47
204 286 0
439 319 0
434 344 0
151 357 0
151 362 0
151 371 0
167 360 0
151 350 0
307 317 0
158 276 0
60 406 0
510 431 36
199 442 36
283 439 37
283 434 37
283 437 38
60 466 38
60 465 38
235 449 39
453 458 42
492 454 57
453 455 59
453 460 61
453 442 61
492 440 62
228 419 63
7 416 64
228 388 64
308 355 64
67 314 58
67 285 53
228 204 0
165 172 0
453 202 0
396 227 0
138 242 0
151 244 0
269 237 0
138 228 0
138 221 0
269 220 0
151 219 0
396 223 0
151 226 0
151 225 0
151 235 0
151 215 0
260 198 0
92 149 0
210 122 0
452 154 0
216 149 0
224 98 0
389 105 0
182 101 0
173 145 0
266 184 0
481 423 0
507 458 48
326 460 48
181 463 48
178 477 47
148 464 46
470 439 46
226 409 45
460 374 45
259 369 45
205 369 45
139 329 44
205 373 44
110 392 41
139 421 39
296 440 38
478 431 37
422 419 35
235 407 34
143 430 32
510 425 29
350 416 28
350 379 27
427 351 27
60 375 26
7 406 26
145 412 26
154 403 26
460 396 28
457 357 28
217 299 28
240 339 27
67 374 27
43 373 27
293 346 27
231 239 85
1 171 85
1 155 85
332 192 85
240 135 85
90 332 0
404 351 0
104 355 0
410 359 0
47 416 42
47 397 44
360 358 47
242 326 52
244 295 55
244 282 58
49 321 58
188 383 58
433 429 55
433 468 53
180 472 53
414 477 52
99 485 51
129 471 50
419 425 49
271 293 49
193 270 0
193 233 0
185 276 0
146 189 50
129 164 50
193 171 50
129 160 0
324 370 50
180 447 50
433 467 61
433 466 62
252 460 64
236 447 66
329 410 67
493 341 67
351 240 67
364 180 72
336 161 64
336 145 0
458 323 0
455 395 0
362 357 0
362 379 0
118 358 0
201 362 0
108 345 0
396 332 0
216 307 0
139 375 40
322 401 41
268 420 42
420 442 43
420 441 47
420 437 53
303 413 58
87 384 63
359 387 66
359 381 66
135 348 66
3 313 64
359 184 64
359 161 64
483 166 0
38 387 0
10 389 0
365 371 0
499 338 0
417 323 0
373 305 0
373 280 0
489 252 0
489 187 0
484 149 0
157 131 0
389 122 133
103 121 133
55 113 133
389 115 133
389 120 133
389 118 133
163 121 134
459 118 133
48 137 133
443 148 133
290 173 0
389 207 0
163 230 0
482 276 0
275 292 0
407 316 0
435 354 0
478 397 0
481 443 54
37 464 57
60 462 57
60 443 57
445 287 58
415 228 0
481 213 0
445 222 0
266 440 0
392 427 0
96 398 0
96 412 0
307 406 0
96 400 0
96 378 0
481 469 0
239 477 51
83 467 53
446 475 55
131 470 56
170 465 57
432 475 58
284 480 58
284 482 59
150 474 61
197 479 62
429 473 64
408 451 66
429 450 67
413 422 68
277 381 71
205 401 73
483 395 76
205 363 76
91 296 76
179 379 0
57 418 0
88 430 0
487 424 0
133 411 0
212 412 0
10 423 0
365 392 0
198 392 0
480 404 71
197 412 73
94 393 79
94 371 82
375 355 82
174 364 82
423 324 0
36 365 0
111 328 0
101 382 0
78 273 0
446 244 0
205 249 40
483 227 38
160 206 0
264 236 0
204 231 0
168 257 0
204 259 0
485 263 0
38 268 0
247 273 0
275 296 0
485 288 0
353 293 0
280 271 0
168 257 0
134 219 0
477 146 0
389 133 0
13 114 133
113 142 133
489 133 133
373 158 0
373 159 0
116 180 0
435 174 0
489 168 0
373 178 0
116 174 0
511 172 0
33 159 0
511 164 0
130 168 0
116 174 0
489 170 0
489 165 0
511 165 0
13 170 0
441 166 0
116 165 0
17 166 0
441 161 0
33 156 0
33 147 0
17 134 0
75 136 0
452 134 0
17 143 0
287 133 0
22 132 0
33 129 0
75 135 0
184 121 0
75 120 0
102 117 0
287 121 0
33 120 0
234 124 0
17 116 0
92 120 0
126 119 0
33 110 0
33 106 0
502 103 0
33 106 0
287 108 0
511 117 0
2 103 0
210 90 0
81 86 0
210 71 0
287 74 0
234 76 0
92 86 0
234 90 0
186 63 0
463 70 0
502 62 0
127 70 0
463 65 0
389 77 0
299 100 0
290 91 0
123 391 0
123 442 59
233 435 59
3 359 59
494 231 0
233 212 0
201 197 0
425 174 0
260 424 0
327 387 0
340 392 0
131 391 0
278 389 0
266 373 0
193 357 0
200 375 40
139 427 40
270 453 40
420 468 41
420 458 41
420 451 43
473 445 45
270 440 47
270 413 50
135 368 50
359 330 50
87 246 0
473 201 0
270 193 0
366 319 0
428 350 0
104 354 0
212 350 0
161 324 0
116 279 0
448 232 0
44 208 0
448 182 0
414 155 0
55 143 0
130 131 0
163 130 0
166 374 0
336 434 51
336 460 54
363 474 54
336 477 54
414 474 55
414 470 55
414 470 55
298 453 55
298 425 55
195 404 57
450 391 60
34 379 61
229 332 61
264 326 61
499 288 0
44 284 0
141 287 0
147 294 0
434 199 0
40 149 0
13 140 0
389 128 0
389 116 0
182 113 0
311 125 0
43 382 58
401 424 58
145 435 61
129 422 62
277 384 64
356 380 65
347 298 65
7 253 65
205 189 65
277 160 64
457 160 64
402 139 127
286 128 127
186 129 127
103 123 127
138 321 0
138 455 0
269 487 0
101 500 0
111 495 51
419 471 52
419 428 52
134 392 51
204 360 0
485 346 0
8 342 0
485 340 0
38 324 0
38 299 0
190 243 0
485 264 0
353 353 0
409 379 0
298 435 58
279 422 63
86 390 68
205 373 69
148 335 72
46 328 74
486 336 75
292 376 76
414 409 78
414 415 78
31 379 78
129 351 0
419 293 0
77 246 0
385 193 0
186 149 0
221 216 0
465 176 0
113 314 0
38 322 0
175 323 0
275 323 0
275 304 0
373 284 0
484 208 0
496 180 0
387 154 0
241 148 0
477 139 0
459 145 0
234 144 0
290 139 0
437 140 0
463 124 0
459 120 0
20 104 0
389 113 0
103 117 134
127 106 133
463 106 134
182 103 134
463 104 134
389 107 134
55 105 134
163 99 133
182 96 133
389 98 133
163 103 133
389 93 133
55 92 133
55 89 133
55 85 133
55 84 133
389 84 134
182 75 134
55 82 133
182 84 132
389 102 132
103 94 132
55 97 133
163 98 133
182 107 133
452 114 133
389 112 133
389 114 133
163 109 133
163 120 133
111 293 61
243 424 61
195 454 61
338 408 63
488 366 64
310 360 65
312 444 65
312 442 65
326 369 0
297 270 0
312 208 0
297 181 0
131 175 0
512 160 0
509 338 0
443 362 0
95 352 0
327 349 0
20 337 0
461 329 0
415 307 0
427 470 0
296 479 54
170 461 55
83 466 55
83 469 54
83 463 54
319 461 54
319 458 53
254 395 0
146 303 0
36 317 0
138 404 0
275 368 0
175 338 0
275 317 0
275 320 0
44 309 0
338 372 0
378 415 51
331 370 55
331 376 58
165 384 60
148 378 61
414 447 62
180 445 62
351 412 63
442 339 63
129 229 0
129 204 0
407 270 0
413 169 0
484 146 0
311 130 0
40 146 0
95 408 0
118 377 0
42 347 0
332 359 0
79 367 0
188 361 0
18 345 0
476 421 0
303 452 56
303 464 58
416 454 60
476 466 61
416 464 61
416 461 61
213 473 64
396 458 66
314 410 72
45 411 75
453 414 75
453 381 75
32 367 69
86 325 69
434 321 0
275 323 0
275 311 0
275 319 0
275 301 0
275 298 0
275 299 0
190 268 0
190 218 0
113 162 0
285 120 0
8 277 0
212 301 0
487 300 0
141 277 0
484 228 0
44 142 0
285 123 0
489 127 0
116 160 0
441 184 0
489 194 0
116 201 0
206 188 0
489 192 0
17 196 0
116 189 0
116 190 0
441 190 0
17 185 0
421 167 0
468 162 0
33 150 0
435 184 0
151 201 0
163 121 0
20 117 0
389 109 0
127 112 0
483 354 0
107 445 59
107 466 59
473 462 60
355 435 62
229 345 62
465 320 62
38 360 0
190 338 0
275 321 0
204 293 0
38 259 0
132 300 0
90 308 0
77 447 0
300 471 0
355 472 62
398 459 64
415 443 66
270 370 69
310 362 70
205 385 70
483 369 70
78 256 70
367 230 41
33 301 0
17 327 0
191 275 0
19 385 0
129 412 78
47 398 79
47 389 79
122 346 78
197 333 78
483 297 48
310 299 46
3 259 48
427 251 64
205 268 64
483 255 64
343 197 64
48 164 0
385 140 0
2 153 0
389 122 0
389 110 0
35 123 0
459 127 0
387 124 0
502 136 0
103 137 0
502 132 0
13 134 0
156 128 0
452 125 0
102 130 0
413 130 0
241 130 0
92 132 0
89 129 0
210 137 0
102 135 0
457 130 0
210 131 0
457 136 0
210 130 0
372 140 0
287 149 0
262 144 0
262 148 0
92 140 0
372 129 0
75 120 0
210 128 0
75 120 0
126 114 0
340 105 0
92 111 0
340 109 0
92 95 0
216 101 0
340 90 0
184 89 0
241 85 0
468 86 0
340 85 0
340 83 0
126 99 0
372 97 0
387 96 0
267 107 0
373 148 0
311 99 0
206 104 0
389 114 0
343 167 0
22 276 0
22 333 0
158 377 0
138 384 0
315 407 43
117 467 53
411 470 53
107 466 53
137 450 53
425 381 53
425 370 53
277 367 52
73 412 52
137 477 53
437 493 52
99 492 53
269 423 53
129 306 0
435 295 0
177 370 0
133 407 0
487 399 0
57 368 0
466 328 0
8 293 0
175 299 0
353 331 0
355 457 0
355 479 52
455 467 56
369 452 57
176 421 58
425 377 58
359 376 58
483 359 58
427 260 0
452 274 0
468 315 0
414 381 39
433 444 55
433 447 58
493 450 60
70 430 60
329 428 62
329 424 62
488 369 62
488 377 63
310 363 63
479 356 63
479 347 63
1 349 64
483 340 63
483 290 63
246 213 46
193 187 44
131 181 44
352 166 46
462 132 127
89 129 128
240 129 128
290 125 127
478 308 62
250 373 61
296 411 61
87 430 62
45 434 64
398 442 67
87 426 67
476 356 67
399 261 0
380 203 0
296 194 0
149 190 0
109 400 0
76 373 0
482 367 0
384 354 0
27 350 0
188 339 0
87 431 52
32 466 56
476 463 58
476 459 60
301 468 60
301 471 60
181 475 60
213 478 60
512 443 60
157 367 59
79 342 0
485 315 0
189 257 0
223 203 0
485 301 0
404 340 0
499 327 0
59 344 0
165 349 69
165 328 71
165 327 75
165 341 77
329 350 77
500 329 77
89 333 80
245 320 0
144 289 0
166 263 0
166 270 0
18 251 0
18 251 0
412 169 0
390 126 0
116 162 0
105 208 0
141 224 0
141 226 0
105 215 0
116 208 0
116 216 0
116 222 0
116 226 0
227 231 0
227 235 0
407 235 0
227 243 0
407 234 0
227 233 0
407 233 0
116 234 0
441 232 0
116 227 0
116 229 0
441 234 0
17 230 0
116 231 0
17 231 0
227 218 0
17 215 0
489 187 0
163 151 0
389 122 0
285 174 0
132 223 0
38 228 0
168 262 0
44 286 0
409 338 0
473 448 50
270 463 52
426 448 53
213 427 54
303 409 54
399 427 54
399 452 54
66 464 54
148 445 54
89 384 54
318 327 54
318 301 0
365 336 0
212 348 0
179 318 0
188 420 0
360 447 54
361 441 59
497 428 59
491 347 59
164 264 0
132 347 0
404 387 0
177 401 0
161 387 0
401 451 47
180 499 49
410 507 51
180 497 52
180 488 53
442 421 53
329 316 53
497 251 0
180 229 0
97 354 0
485 342 0
97 325 0
136 407 0
410 447 59
429 461 62
197 454 65
197 442 65
197 412 65
86 295 65
197 228 65
11 206 64
387 184 64
307 450 0
158 414 0
96 411 0
96 403 0
96 393 0
307 375 0
83 408 0
123 462 39
367 488 55
118 489 57
213 472 58
213 472 59
326 462 59
426 481 59
399 483 60
284 492 60
458 487 60
432 477 60
81 502 60
81 499 60
94 463 60
464 467 60
98 474 60
408 455 60
348 412 60
272 303 60
464 247 60
272 223 0
272 204 0
190 367 0
177 382 0
57 386 0
212 392 0
487 379 0
212 382 0
365 349 0
436 399 0
198 434 58
497 444 60
361 436 62
497 441 63
198 434 65
361 432 65
361 429 65
429 432 65
429 408 65
429 416 65
327 403 66
327 412 66
327 405 67
250 377 67
388 389 67
304 376 67
304 398 67
205 393 68
303 345 70
74 318 72
296 342 74
483 324 72
213 252 72
81 242 0
81 232 0
81 209 0
234 186 0
192 163 0
48 149 0
48 138 0
124 140 0
377 136 0
2 140 0
452 123 0
127 111 0
163 115 0
55 129 0
463 130 0
197 307 0
300 452 0
73 457 63
411 449 63
472 362 66
297 376 66
425 372 69
472 336 69
19 407 70
273 440 74
47 432 74
400 375 74
310 241 0
228 185 0
297 170 0
467 363 0
58 396 0
467 396 0
467 380 0
320 384 0
237 376 0
384 377 0
166 463 51
336 489 53
363 501 54
237 505 57
414 501 57
414 500 57
129 490 59
129 438 61
488 382 64
195 383 66
180 434 70
180 440 70
180 421 70
144 359 0
324 353 0
47 223 0
414 189 0
47 174 0
237 171 0
120 377 0
61 335 0
116 321 0
184 306 0
511 248 0
138 218 0
387 186 0
340 167 0
75 150 0
372 142 0
287 141 0
372 136 0
169 139 0
210 135 0
185 148 0
463 130 0
286 118 0
452 119 0
55 112 0
285 315 0
428 364 0
179 345 0
414 411 0
360 422 60
165 373 64
244 330 67
244 288 68
242 288 68
188 366 68
330 440 62
364 484 62
180 494 62
414 477 62
414 477 62
101 376 64
414 396 67
414 450 67
228 442 67
228 411 67
228 381 0
228 250 0
292 203 0
334 334 0
141 301 0
227 324 0
275 360 0
487 300 0
175 294 0
407 310 0
175 290 0
280 284 0
175 270 0
482 318 0
378 418 0
180 470 0
180 484 0
180 474 0
180 473 0
47 431 0
148 371 0
414 241 0
332 209 0
414 190 0
237 176 0
452 192 0
266 334 0
275 326 0
175 311 0
190 311 0
190 300 0
190 301 0
38 283 0
485 258 0
353 228 0
132 130 0
285 109 0
97 195 0
97 305 0
466 315 0
275 270 0
489 211 0
223 156 0
285 116 0
373 125 0
285 136 0
33 160 0
116 167 0
116 186 0
116 198 0
116 199 0
116 203 0
105 197 0
116 191 0
172 189 0
130 182 0
116 186 0
116 184 0
116 175 0
116 177 0
489 172 0
511 169 0
33 157 0
441 152 0
511 137 0
33 146 0
33 149 0
172 152 0
116 156 0
116 153 0
441 146 0
33 143 0
17 140 0
130 145 0
441 143 0
441 142 0
489 148 0
13 141 0
116 147 0
511 138 0
441 136 0
511 136 0
127 113 0
390 100 0
130 115 0
389 106 0
163 100 0
389 105 0
188 135 58
330 329 58
465 413 58
360 428 58
329 417 56
66 372 56
367 360 56
486 372 56
66 420 54
360 470 54
433 480 54
433 479 54
363 476 55
474 468 55
308 424 55
308 382 0
47 338 0
308 285 0
159 338 0
47 428 0
47 464 54
414 490 56
489 497 58
477 491 58
477 496 59
181 487 59
181 470 59
181 476 58
338 475 57
246 455 57
419 410 56
224 358 0
285 301 0
439 295 0
44 311 0
459 275 0
156 169 0
477 154 0
22 303 0
511 334 0
33 233 0
242 156 0
407 269 0
8 242 0
407 274 0
435 252 0
275 291 0
407 264 0
407 279 0
389 298 0
303 357 55
259 427 57
259 432 58
322 388 60
322 419 60
72 420 61
322 400 61
322 404 61
250 424 61
322 433 61
284 422 61
408 420 62
284 429 63
98 447 63
408 439 63
408 441 63
408 443 63
408 432 63
284 423 64
11 392 64
126 345 64
272 300 64
272 227 64
381 160 64
59 146 64
272 135 126
387 136 126
387 128 0
229 121 0
387 129 0
20 126 0
343 119 0
102 117 0
382 116 0
224 106 0
305 99 0
121 103 0
182 103 0
182 91 0
389 95 133
103 100 133
55 99 133
462 116 133
130 321 61
401 431 61
401 431 61
401 409 62
277 352 62
277 353 63
43 349 63
342 264 86
351 177 86
293 151 0
36 321 0
441 437 0
157 471 0
511 503 52
40 511 52
185 478 52
484 405 52
147 349 0
190 329 0
190 333 0
8 334 0
190 306 0
8 263 0
190 228 0
190 347 0
428 349 0
31 406 59
292 407 63
399 343 67
469 337 70
244 379 73
512 382 74
292 374 74
129 388 74
129 385 0
483 341 0
271 302 0
271 237 0
99 170 0
463 136 0
22 268 0
44 315 0
404 312 0
466 329 0
104 329 0
275 318 0
373 287 0
285 236 0
477 219 0
496 196 0
496 193 0
373 179 0
2 175 0
477 163 0
40 160 0
287 143 0
184 130 0
452 134 0
459 134 0
477 132 0
389 123 0
459 116 132
224 124 132
389 123 133
217 127 133
127 124 133
463 119 133
389 126 133
13 125 133
229 136 133
127 132 0
434 134 0
151 185 0
389 124 0
463 127 0
399 426 0
362 443 0
86 342 0
194 204 0
380 181 0
118 170 0
327 157 0
74 384 0
95 356 0
118 374 0
131 366 0
340 361 0
216 350 0
443 330 0
139 388 46
87 415 47
420 427 47
270 455 48
270 462 50
425 449 52
39 421 54
359 399 56
483 383 56
205 328 56
425 223 0
87 171 0
318 263 0
404 368 0
404 364 0
489 308 0
489 246 0
223 236 0
225 337 0
215 407 0
258 455 60
258 456 60
279 457 62
101 464 64
419 405 64
201 353 62
19 361 0
489 395 0
172 406 0
2 409 0
2 401 0
2 389 0
315 444 0
181 484 54
270 488 58
270 474 59
325 470 59
325 461 59
455 457 59
483 423 59
425 348 59
18 377 59
310 379 59
291 407 61
73 463 63
73 468 63
437 491 64
99 483 64
99 474 64
47 408 0
129 285 0
182 260 0
318 284 0
466 350 0
487 392 0
487 394 0
133 384 0
133 392 0
487 379 0
487 380 0
487 367 0
487 355 0
365 340 0
365 313 0
141 258 0
116 193 0
318 156 0
55 143 131
318 134 131
389 131 132
103 122 133
55 128 133
452 128 133
102 121 133
452 132 134
463 126 134
286 119 134
286 122 134
182 121 134
55 118 133
452 123 133
246 209 66
78 295 63
18 335 60
378 420 62
361 455 62
216 425 62
149 386 65
205 373 66
250 311 66
284 331 66
197 375 66
21 410 66
360 405 68
329 384 69
165 340 69
483 251 69
360 172 0
103 161 0
130 349 0
346 374 0
414 367 0
105 359 0
332 359 0
336 421 52
433 456 55
497 454 57
361 457 59
429 451 61
429 462 63
408 454 63
197 466 64
197 458 65
408 448 65
98 441 65
382 435 65
14 393 65
79 368 0
428 346 0
467 328 0
151 302 0
402 242 0
250 311 62
380 326 69
358 324 69
135 354 69
296 387 69
296 392 72
296 377 75
398 345 78
259 290 78
205 282 78
483 270 77
483 250 76
75 323 63
228 399 63
68 418 63
433 414 65
363 437 66
188 429 70
252 411 73
236 424 77
236 412 77
252 393 73
474 375 73
89 330 0
463 332 0
336 309 0
68 304 0
203 253 0
474 236 0
454 182 0
324 178 0
249 144 0
463 120 0
389 120 131
463 121 131
311 128 131
287 141 0
372 158 0
396 164 0
184 170 0
511 181 0
206 171 0
206 190 0
33 191 0
184 185 0
206 181 0
441 176 0
206 182 0
511 180 0
441 184 0
116 191 0
286 185 0
511 188 0
441 185 0
17 192 0
130 187 0
441 184 0
397 184 0
285 186 0
130 186 0
441 188 0
17 199 0
441 189 0
2 188 0
92 155 0
48 144 0
327 141 0
214 110 0
127 99 0
103 101 49
37 317 50
296 398 50
28 407 50
415 427 50
415 438 50
408 429 49
408 435 49
408 454 48
408 466 48
289 426 48
119 390 48
120 335 0
130 296 0
130 268 0
365 340 0
365 329 0
252 332 40
252 396 45
497 423 46
429 439 47
429 440 48
244 418 48
268 419 49
28 423 49
362 451 51
197 459 52
238 446 53
238 456 54
408 449 55
383 408 58
148 377 58
13 382 58
165 376 55
148 450 50
99 488 50
194 484 50
109 479 50
253 474 50
437 474 54
253 441 54
494 317 52
359 333 51
47 406 52
180 439 52
493 422 52
493 392 53
488 356 54
310 378 55
277 383 57
356 361 57
34 287 55
264 273 0
90 254 0
485 251 0
499 253 0
485 263 0
141 297 0
77 435 0
300 450 50
73 443 52
73 446 53
29 420 54
359 376 55
483 376 55
356 366 56
479 364 56
74 391 56
107 414 57
32 425 57
173 423 58
173 418 59
479 363 59
440 352 60
201 344 59
250 290 59
111 197 0
352 168 0
22 383 0
346 381 0
227 388 0
482 377 0
435 361 0
60 442 0
270 458 51
73 448 52
369 438 53
437 388 54
186 375 55
352 371 55
277 382 55
205 366 55
83 279 55
1 198 0
190 383 0
57 377 0
365 351 0
329 384 50
433 407 61
433 409 63
433 391 64
252 387 67
329 387 67
429 403 67
197 417 69
309 413 69
197 412 70
197 429 70
284 420 70
209 366 0
464 338 0
197 354 0
59 368 0
96 390 0
96 393 0
307 404 0
307 398 0
307 398 0
307 375 0
453 423 0
213 476 0
54 491 57
29 487 59
420 465 61
420 439 64
420 426 66
87 399 69
87 391 69
149 393 69
362 368 69
111 290 69
353 355 0
190 332 0
38 296 0
204 283 0
190 277 0
168 272 0
168 257 0
175 257 0
8 253 0
247 263 0
38 267 0
168 257 0
141 247 0
13 159 0
285 144 0
120 186 0
120 207 0
116 211 0
511 215 0
17 219 0
489 222 0
116 235 0
441 240 0
116 240 0
120 247 0
227 252 0
227 254 0
227 253 0
116 249 0
227 248 0
227 228 0
441 219 0
436 185 0
436 173 0
462 150 0
127 139 0
55 127 0
463 140 0
140 333 0
228 456 61
414 462 61
180 447 62
324 450 63
129 440 64
129 384 66
244 364 67
486 369 67
310 339 67
205 320 67
427 273 67
128 196 0
457 151 0
305 151 0
237 377 0
448 378 0
448 382 0
58 371 0
332 354 0
320 336 0
506 410 47
493 452 48
493 450 49
493 446 50
493 440 52
493 426 56
25 407 56
506 367 52
18 303 0
222 238 0
506 193 0
491 169 0
318 178 0
332 341 0
175 341 0
175 341 0
161 321 0
161 286 0
489 244 0
378 197 0
484 166 0
246 147 0
290 124 0
452 118 0
92 216 0
172 223 0
53 360 0
118 415 0
380 420 66
296 396 68
139 355 69
139 343 69
250 353 69
250 363 69
139 357 67
322 380 66
322 385 63
395 417 61
359 468 61
322 465 61
473 436 61
416 422 62
325 399 64
325 393 66
29 437 66
455 437 67
455 423 67
398 414 68
473 375 76
28 334 87
139 338 87
501 334 87
107 330 0
341 274 0
110 281 0
359 273 0
223 269 0
136 213 0
164 209 0
38 235 0
38 239 0
247 241 0
247 240 0
